x <-
c(-2, -1.96, -1.92, -1.88, -1.84, -1.8, -1.76, -1.72, -1.68, 
-1.64, -1.6, -1.56, -1.52, -1.48, -1.44, -1.4, -1.36, -1.32, 
-1.28, -1.24, -1.2, -1.16, -1.12, -1.08, -1.04, -1, -0.96, -0.92, 
-0.88, -0.84, -0.8, -0.76, -0.72, -0.68, -0.64, -0.6, -0.56, 
-0.52, -0.48, -0.44, -0.4, -0.36, -0.32, -0.28, -0.24, -0.2, 
-0.16, -0.12, -0.08, -0.04, 0, 0.04, 0.08, 0.12, 0.16, 0.2, 0.24, 
0.28, 0.32, 0.36, 0.4, 0.44, 0.48, 0.52, 0.56, 0.6, 0.64, 0.68, 
0.72, 0.76, 0.8, 0.84, 0.88, 0.92, 0.96, 1, 1.04, 1.08, 1.12, 
1.16, 1.2, 1.24, 1.28, 1.32, 1.36, 1.4, 1.44, 1.48, 1.52, 1.56, 
1.6, 1.64, 1.68, 1.72, 1.76, 1.8, 1.84, 1.88, 1.92, 1.96, 2)
N <-
101L
D <-
3
y <-
structure(c(0.214105939581989, 0.577973240805616, 1.03648803729138, 
0.0718265766038476, 0.785180887927585, 0.667917119208598, 0.736600402310008, 
0.0365505090493544, -0.584235116439675, 0.346572715381688, 0.991615363682657, 
0.354543270564882, 0.090362176699438, 0.0514239577427677, 0.097815495205465, 
0.253545142813703, 0.205778564750518, -0.421509947227685, 0.0352657948286823, 
0.286372165445453, -0.0765803470240737, 0.133619831808597, -0.47627892174822, 
-0.357830231295415, -0.582617036814517, -0.150032250539189, -0.0580922165156353, 
0.125129826508366, 0.097647908892237, -0.147856303129509, -0.021098581430748, 
0.378194537287076, 0.314123519052228, 0.0604022972689183, 0.200261013812127, 
-0.277312803352656, -0.639769485793527, 0.120597630772684, -0.105245336529158, 
0.444078187257251, 0.483059824675959, 0.756722239300704, 0.697531405058067, 
0.433213028604072, 0.155155962979915, 0.603069437067072, 0.724969461105774, 
0.915892951896372, 1.0871852493382, 1.50406534409948, 1.11569861522864, 
1.06753455968529, 1.36810230402239, 0.863946197489267, 1.20520357780759, 
1.47191662668261, 1.40739227692938, 1.43288941820707, 1.29556024160295, 
1.49030590369081, 1.30085479935643, 1.08138511213, 1.4681044639943, 
1.81503674289685, 1.28954079576796, 1.40215446861511, 1.39806823713148, 
1.1826867648792, 1.78277230971688, 1.8771128292483, 1.37615691016957, 
1.02519323293435, 1.09281538811025, 1.05781373536592, 1.54391614092644, 
1.16245200886878, 0.905264951513197, 0.801537660210983, 1.51167725014354, 
0.707990654071969, 0.678842398039596, 0.925288895460116, 0.744543739126931, 
1.03235173859299, 0.539472587874058, 0.20308703035086, 0.99105863078605, 
-0.0630255162368034, -0.0137527547173038, 0.1853516562374, -0.262853358677549, 
0.0708157698477061, 0.195477095528823, -0.099663132235527, 0.17953908020282, 
0.444819667772392, 0.906559527314377, 0.0293222510241126, 0.000665804139307558, 
0.320282855618381, 0.15229475786942, 3.52645810618121, 2.93385840847367, 
3.26960425941811, 3.43539268463421, 3.33194453939056, 4.05557847259873, 
3.67863505487738, 3.39863002502638, 3.38221301353529, 3.46659923387965, 
3.16949160983231, 3.11517780877445, 2.86272267354935, 3.19919220782751, 
3.29461074918366, 3.26643503941553, 2.84681719020094, 2.83753331656228, 
3.37782310461078, 3.25631705295984, 3.33058060129506, 2.41018784631108, 
2.79799056984177, 2.67160019115001, 2.22658053909971, 2.28418088669845, 
1.80334495266945, 1.41712024781306, 2.41686886075467, 1.32777140893991, 
1.50171479722886, 1.4193831471164, 1.23597999863414, 1.14060733182821, 
0.818456545916056, 0.971994684795977, 0.726746678385654, 1.23714942778531, 
0.712364920729296, 0.788183347391763, 0.508085899494783, 0.656032377240525, 
0.624122855314045, -0.326376013848722, 0.0727237543195657, 0.212327832375848, 
0.0651164213322343, 0.330788104028643, 0.116328124094544, 0.0758947376777443, 
-0.510456745376008, -0.231692317040707, -0.202088469197387, 0.0607729292216249, 
-0.238156209494126, -0.335620894865095, -0.962487375960559, -0.709314736408306, 
-0.700617075999657, -0.250867672825348, -0.703111201442504, -0.141394431207572, 
-1.07589636745817, -0.640175221143157, -0.519978201279509, -0.792675969490841, 
-0.687762551170907, -0.364783711096705, -1.66385551560384, -0.24268103036403, 
-0.619537594466781, -1.13672100086379, -0.353087572200928, -0.860224706176352, 
-1.02440396213719, -1.13131650492633, -1.70650871502002, -1.00471046334844, 
-1.09032986655224, -0.779825933307629, -0.991591003223793, -0.9934789346641, 
-1.81297659678313, -0.356305602965183, -1.27876366470138, -0.557682219191751, 
-1.50486203034144, -0.691960102163586, -1.44345505528223, -1.16193798766608, 
-1.08362762575978, -0.932255743692535, -1.34279419509144, -1.45150640007675, 
-1.76800564832931, -1.57073029345308, -1.06092411454524, -1.35214575451586, 
-1.29115737113213, -1.79433615874114, -2.02956244458529, 0.864518437927185, 
0.414442617971899, 0.0706642869956299, 0.763183553779013, -0.274766074845821, 
0.0679416475348878, 0.336236259752494, 0.59638131373234, 0.22432793555232, 
0.37689697390351, -0.250476441022647, 0.0184291144476206, 0.0117388397482137, 
-0.140023556888348, 0.38326801826201, 0.1086817458093, 0.327994441521164, 
0.242554139210852, -0.273326002780206, 0.41296921307824, 0.516114658910823, 
-0.140094636677759, -0.0088036200220817, 0.549740817050268, 0.172988595351366, 
0.188800177519507, -0.0854592859118705, 0.579282977879775, 0.597650116087807, 
0.102715930005658, 0.593854686915715, -0.114070237490795, 0.406028193287256, 
0.666617980076305, 0.600001435189567, -0.327549896090699, 0.355681972413033, 
0.649809061972913, 0.342770758885094, 0.12981027745379, 0.0631671596362914, 
0.197072668616416, -0.167327444321383, 0.282965438893361, 0.428387225837725, 
-0.133557531081525, 0.582487503733498, 0.583063399718182, 0.0570538190201215, 
-0.152056766641735, -0.084579024047603, -0.328347881284946, 0.462437392042924, 
0.450383945361248, 0.360610703637993, 0.269099495133301, 0.540031119004662, 
0.0785450856250532, -0.025011552224626, 0.740416563520693, 0.12767558144117, 
-0.152309319312666, 1.18877036590394, 0.844650913620778, 0.976416762296767, 
0.413775686565938, 0.884347722133271, 0.611939101274319, 1.07209929765068, 
0.78420821999654, 1.23789808737422, 1.46322514169407, 1.08067889805934, 
0.820779254290259, 1.17744721743263, 1.33462098929676, 1.62090287649208, 
2.09635392626413, 1.75581218618469, 0.966802450836106, 1.12858995880998, 
1.51428232417784, 2.05420229797702, 1.64490169086192, 1.82707767776553, 
2.20679278871547, 2.20909811982262, 1.81850988280331, 1.57225355854923, 
1.66254383322595, 1.71790944404799, 1.60623879818398, 1.74223159416792, 
1.87391815032997, 1.88246175978058, 1.02223391365294, 1.79475154354809, 
0.928161974736411, 0.793717703921969, 0.71721185137735, 0.777399865805923
), .Dim = c(101L, 3L))
Omega <-
structure(c(1, 0.0861534542327822, -0.644774000779574, 0.0861534542327822, 
1, -0.212258427522524, -0.644774000779574, -0.212258427522524, 
1), .Dim = c(3L, 3L))
