x <-
structure(list(Var1 = c(-0.2, -0.12, 1.72, -0.68, 1.36, 1.8, 
-0.88, -0.68, 1.6, 0.88, -0.72, -1.08, -0.48, 1.16, -0.08, 1.08, 
-0.72, -0.12, -1.76, 0.28, 0.8, 0.12, 0.6, -0.84, -1.84, -0.96, 
1.92, -0.24, -1.52, 0.08, 1.72, 0.6, 0.56, -1.12, 1.08, 1.48, 
1.2, -1.92, -1.24, 1.88, 0.84, 1, 1.84, 0.44, -0.96, -0.8, -0.96, 
-2, 1.72, 0.16, -1.04, 0.52, 1.2, -0.48, -0.88, -1.2, -0.76, 
0.64, 0.8, 0.28, 1.72, 1.48, 0.2, 1.8, 1.88, 0, -0.84, -1.44, 
-0.12, 1.4, 1.4, -1.4, -1.52, 0.04, 0.56, 1.56, 0.44, -1.32, 
-1.04, 1.28, 1.8, -0.44, 1.04, -1.68, -1.76, -1.84, 1.4, -1.2, 
1.64, 1.16, 0.12, -1.2, 1, 0.84, 0.4, 1.48, -0.36, -1.32, 0.52, 
-0.84, -1.6), Var2 = c(1.8, -0.64, -0.16, -1.68, 1.44, -0.44, 
0.96, -1.32, -0.2, 1.08, -1.76, 1.28, -0.8, -0.56, -0.76, -1.88, 
0.08, 0.72, 1.64, -1.92, 1.96, -0.8, 1.76, 0.76, -0.2, 1.28, 
-1.88, 0.96, -0.6, 1.32, 0.12, -0.92, 1.2, -1.64, 1.32, -0.92, 
1, 1.88, -1.68, 1.4, 1.2, -0.48, -0.72, -1.2, 0.28, 1.56, 0.12, 
0.36, 0.64, 2, 0.04, -1.96, -1.84, 1.72, 1.08, -1.2, 0.6, 0.6, 
-0.44, 1.24, 0.16, 1.52, 0.2, 1.6, 0.32, -0.32, 1.8, 0.84, -0.36, 
-1.96, 0.24, -0.04, 1.52, 1.24, 1.4, -0.56, 1.48, -1.4, -0.88, 
0.64, 1.88, 0.32, 0.08, -1.76, 1.88, -1.52, -1.68, 1.52, 0, -0.68, 
1.56, -1.88, -1.08, 0.72, -1.12, -0.76, -1.32, 1.2, -1.44, 1.28, 
-0.68)), .Names = c("Var1", "Var2"), out.attrs = structure(list(
    dim = c(101L, 101L), dimnames = structure(list(Var1 = c("Var1=-2.00", 
    "Var1=-1.96", "Var1=-1.92", "Var1=-1.88", "Var1=-1.84", "Var1=-1.80", 
    "Var1=-1.76", "Var1=-1.72", "Var1=-1.68", "Var1=-1.64", "Var1=-1.60", 
    "Var1=-1.56", "Var1=-1.52", "Var1=-1.48", "Var1=-1.44", "Var1=-1.40", 
    "Var1=-1.36", "Var1=-1.32", "Var1=-1.28", "Var1=-1.24", "Var1=-1.20", 
    "Var1=-1.16", "Var1=-1.12", "Var1=-1.08", "Var1=-1.04", "Var1=-1.00", 
    "Var1=-0.96", "Var1=-0.92", "Var1=-0.88", "Var1=-0.84", "Var1=-0.80", 
    "Var1=-0.76", "Var1=-0.72", "Var1=-0.68", "Var1=-0.64", "Var1=-0.60", 
    "Var1=-0.56", "Var1=-0.52", "Var1=-0.48", "Var1=-0.44", "Var1=-0.40", 
    "Var1=-0.36", "Var1=-0.32", "Var1=-0.28", "Var1=-0.24", "Var1=-0.20", 
    "Var1=-0.16", "Var1=-0.12", "Var1=-0.08", "Var1=-0.04", "Var1= 0.00", 
    "Var1= 0.04", "Var1= 0.08", "Var1= 0.12", "Var1= 0.16", "Var1= 0.20", 
    "Var1= 0.24", "Var1= 0.28", "Var1= 0.32", "Var1= 0.36", "Var1= 0.40", 
    "Var1= 0.44", "Var1= 0.48", "Var1= 0.52", "Var1= 0.56", "Var1= 0.60", 
    "Var1= 0.64", "Var1= 0.68", "Var1= 0.72", "Var1= 0.76", "Var1= 0.80", 
    "Var1= 0.84", "Var1= 0.88", "Var1= 0.92", "Var1= 0.96", "Var1= 1.00", 
    "Var1= 1.04", "Var1= 1.08", "Var1= 1.12", "Var1= 1.16", "Var1= 1.20", 
    "Var1= 1.24", "Var1= 1.28", "Var1= 1.32", "Var1= 1.36", "Var1= 1.40", 
    "Var1= 1.44", "Var1= 1.48", "Var1= 1.52", "Var1= 1.56", "Var1= 1.60", 
    "Var1= 1.64", "Var1= 1.68", "Var1= 1.72", "Var1= 1.76", "Var1= 1.80", 
    "Var1= 1.84", "Var1= 1.88", "Var1= 1.92", "Var1= 1.96", "Var1= 2.00"
    ), Var2 = c("Var2=-2.00", "Var2=-1.96", "Var2=-1.92", "Var2=-1.88", 
    "Var2=-1.84", "Var2=-1.80", "Var2=-1.76", "Var2=-1.72", "Var2=-1.68", 
    "Var2=-1.64", "Var2=-1.60", "Var2=-1.56", "Var2=-1.52", "Var2=-1.48", 
    "Var2=-1.44", "Var2=-1.40", "Var2=-1.36", "Var2=-1.32", "Var2=-1.28", 
    "Var2=-1.24", "Var2=-1.20", "Var2=-1.16", "Var2=-1.12", "Var2=-1.08", 
    "Var2=-1.04", "Var2=-1.00", "Var2=-0.96", "Var2=-0.92", "Var2=-0.88", 
    "Var2=-0.84", "Var2=-0.80", "Var2=-0.76", "Var2=-0.72", "Var2=-0.68", 
    "Var2=-0.64", "Var2=-0.60", "Var2=-0.56", "Var2=-0.52", "Var2=-0.48", 
    "Var2=-0.44", "Var2=-0.40", "Var2=-0.36", "Var2=-0.32", "Var2=-0.28", 
    "Var2=-0.24", "Var2=-0.20", "Var2=-0.16", "Var2=-0.12", "Var2=-0.08", 
    "Var2=-0.04", "Var2= 0.00", "Var2= 0.04", "Var2= 0.08", "Var2= 0.12", 
    "Var2= 0.16", "Var2= 0.20", "Var2= 0.24", "Var2= 0.28", "Var2= 0.32", 
    "Var2= 0.36", "Var2= 0.40", "Var2= 0.44", "Var2= 0.48", "Var2= 0.52", 
    "Var2= 0.56", "Var2= 0.60", "Var2= 0.64", "Var2= 0.68", "Var2= 0.72", 
    "Var2= 0.76", "Var2= 0.80", "Var2= 0.84", "Var2= 0.88", "Var2= 0.92", 
    "Var2= 0.96", "Var2= 1.00", "Var2= 1.04", "Var2= 1.08", "Var2= 1.12", 
    "Var2= 1.16", "Var2= 1.20", "Var2= 1.24", "Var2= 1.28", "Var2= 1.32", 
    "Var2= 1.36", "Var2= 1.40", "Var2= 1.44", "Var2= 1.48", "Var2= 1.52", 
    "Var2= 1.56", "Var2= 1.60", "Var2= 1.64", "Var2= 1.68", "Var2= 1.72", 
    "Var2= 1.76", "Var2= 1.80", "Var2= 1.84", "Var2= 1.88", "Var2= 1.92", 
    "Var2= 1.96", "Var2= 2.00")), .Names = c("Var1", "Var2"))), .Names = c("dim", 
"dimnames")), row.names = c(9641L, 3482L, 4740L, 842L, 8771L, 
4035L, 7503L, 1751L, 4636L, 7850L, 639L, 8306L, 3069L, 3716L, 
3180L, 381L, 5285L, 6916L, 9198L, 260L, 10070L, 3084L, 9560L, 
6999L, 4550L, 8309L, 402L, 7519L, 3548L, 8436L, 5447L, 2793L, 
8145L, 932L, 8461L, 2815L, 7656L, 9800L, 828L, 8683L, 8152L, 
3914L, 3329L, 2082L, 5784L, 9020L, 5380L, 5960L, 6760L, 10155L, 
5176L, 165L, 485L, 9432L, 7806L, 2041L, 6597L, 6632L, 4010L, 
8239L, 5548L, 8976L, 5611L, 9186L, 5956L, 4293L, 9625L, 7186L, 
4189L, 187L, 5742L, 4965L, 8901L, 8233L, 8650L, 3726L, 8849L, 
1533L, 2853L, 6749L, 9893L, 5898L, 5329L, 615L, 9804L, 1217L, 
894L, 8909L, 5142L, 3413L, 9043L, 324L, 2399L, 6940L, 2283L, 
3219L, 1759L, 8098L, 1478L, 8312L, 3344L), class = "data.frame")
N <-
101L
D <-
2
y <-
c(1.33097565037925, -0.175732113006686, 0.0989479840296706, 1.05546977371642, 
0.208055090472529, 1.32980486714781, 1.30284037493528, 0.576568274468613, 
0.505997239240119, 0.292666338234352, 0.888917703783563, 1.28535771209785, 
-0.129050590806329, 0.74813041407487, 0.0336275466988718, 2.11929641898844, 
0.709905346365717, 1.31873589581016, 0.099890964372723, 0.804941353239987, 
1.04635665846291, 0.0439820172391609, 1.3386729165151, 0.683862277434852, 
-0.976312730019743, 1.84853480081662, 3.27897009887879, 1.36588078008641, 
-0.218375062158383, 1.05970464831934, 0.865475854977881, -0.268441220845141, 
1.29411904736392, -0.0705914844204682, 0.776491734264102, 1.55985491009886, 
0.378221058649371, -0.590556420665734, 0.558054783571653, -0.435022824805532, 
1.11922649998937, 0.228530632692694, 2.02136687385883, 0.65142372468314, 
0.807128501295509, 1.85347769098795, 0.780328031995858, -0.390700769159161, 
0.27280701321903, 1.30367338413813, 0.355604536853416, 1.47170813456931, 
1.88107012317835, 1.52812694877462, 1.37643728748262, -0.130662899566595, 
1.17487375386188, 0.547905176799721, -0.0121380568963323, 1.33632873406683, 
0.291686806069148, 0.426947091317595, -0.465237878515994, -0.406787952515251, 
0.152078194713219, -0.610202985017281, 1.12470507955578, 0.738230013840901, 
-0.00914079739690529, 2.6286171921749, 0.416940535753868, -0.0826303075658643, 
0.489106061627378, 1.51549454587087, 1.31092134325439, 1.22414172340339, 
1.45867104651185, -0.179471694747452, 0.553737368114526, 0.34903307139781, 
-0.168785879866517, 0.50561678462082, 0.181358336050952, 0.524482326879095, 
0.56906646365908, 0.38188986960092, 2.61079557886895, 0.584120759108881, 
0.449944646881582, 0.775459560675, 1.39029723433169, 0.588310013201279, 
1.35905732958466, -0.00414897813189821, 0.887070222860894, 1.55799088483448, 
0.456684921314823, 0.731193021227698, 1.02400412853375, 1.17331018394723, 
-0.271652669442659)
