N <-
101L
x <-
c(-2, -1.96, -1.92, -1.88, -1.84, -1.8, -1.76, -1.72, -1.68, 
-1.64, -1.6, -1.56, -1.52, -1.48, -1.44, -1.4, -1.36, -1.32, 
-1.28, -1.24, -1.2, -1.16, -1.12, -1.08, -1.04, -1, -0.96, -0.92, 
-0.88, -0.84, -0.8, -0.76, -0.72, -0.68, -0.64, -0.6, -0.56, 
-0.52, -0.48, -0.44, -0.4, -0.36, -0.32, -0.28, -0.24, -0.2, 
-0.16, -0.12, -0.08, -0.04, 0, 0.04, 0.08, 0.12, 0.16, 0.2, 0.24, 
0.28, 0.32, 0.36, 0.4, 0.44, 0.48, 0.52, 0.56, 0.6, 0.64, 0.68, 
0.72, 0.76, 0.8, 0.84, 0.88, 0.92, 0.96, 1, 1.04, 1.08, 1.12, 
1.16, 1.2, 1.24, 1.28, 1.32, 1.36, 1.4, 1.44, 1.48, 1.52, 1.56, 
1.6, 1.64, 1.68, 1.72, 1.76, 1.8, 1.84, 1.88, 1.92, 1.96, 2)
y <-
c(-1.27171261926701, -1.13071367197088, -1.12679360105476, -1.31144294696538, 
-0.34477749201472, -1.1134028994011, -0.513652145215469, -1.49383495259813, 
-1.26703723901685, -1.242311492876, -0.707196057275671, -0.886458279914479, 
-0.436543515893858, -0.847715276399017, -0.708141838544087, -0.479838098572656, 
-0.722937397816211, -0.281534722965826, -0.8334332940076, -0.558597532577714, 
0.186897804793649, 0.0920926443163689, 0.342554523081095, -0.293641313496157, 
0.868303608690739, 0.386841023982693, -0.284665295995516, 1.07192855645979, 
0.210364058868165, 0.137050437842018, 0.519254527770659, 0.765893438327576, 
1.51167419562944, 0.873217166516287, 0.932179978782591, 2.0946034422082, 
1.63037346477667, 2.2725983797447, 2.11857397067023, 1.8800238365568, 
1.62039058035806, 2.32782370542596, 1.57313714950775, 1.11908661290436, 
1.43833069019272, 2.53040197880931, 2.15111747298529, 2.18151703387491, 
2.41884319870617, 2.05993075066733, 1.65047715228488, 2.08354689348868, 
1.57580476468367, 2.7141604388027, 2.45715366212746, 2.22168549477152, 
2.12193670647308, 1.91715931981758, 2.2534958960626, 2.04757746820637, 
1.99143844231009, 2.25212692748958, 1.77826825609923, 2.12740946035217, 
2.42982598667744, 2.07063782600607, 1.62637344559292, 2.3325041291761, 
1.61843980582262, 2.27500050004575, 1.98011150508838, 1.81545966854703, 
1.8360974083278, 2.1889127013339, 1.84396021511256, 1.93399922520612, 
1.30030961626196, 1.25738085395109, 2.16900768036101, 1.58329715282052, 
1.32528616692886, 1.30090953394492, 1.20818054466066, 1.30347871238952, 
1.07472983943953, 0.76006345571027, 1.12423718806473, 0.790616627938274, 
0.598817235434689, 0.568047039670919, 0.52482892722584, 0.568511126112802, 
0.923792511714243, 1.07470317581232, 0.414312467960342, 0.288676102243516, 
0.372613712093308, 0.124937135206808, 0.346453830614689, 0.178086307833342, 
0.153326209063695)
