N1 <-
101L
x1 <-
c(-2, -1.96, -1.92, -1.88, -1.84, -1.8, -1.76, -1.72, -1.68, 
-1.64, -1.6, -1.56, -1.52, -1.48, -1.44, -1.4, -1.36, -1.32, 
-1.28, -1.24, -1.2, -1.16, -1.12, -1.08, -1.04, -1, -0.96, -0.92, 
-0.88, -0.84, -0.8, -0.76, -0.72, -0.68, -0.64, -0.6, -0.56, 
-0.52, -0.48, -0.44, -0.4, -0.36, -0.32, -0.28, -0.24, -0.2, 
-0.16, -0.12, -0.08, -0.04, 0, 0.04, 0.08, 0.12, 0.16, 0.2, 0.24, 
0.28, 0.32, 0.36, 0.4, 0.44, 0.48, 0.52, 0.56, 0.6, 0.64, 0.68, 
0.72, 0.76, 0.8, 0.84, 0.88, 0.92, 0.96, 1, 1.04, 1.08, 1.12, 
1.16, 1.2, 1.24, 1.28, 1.32, 1.36, 1.4, 1.44, 1.48, 1.52, 1.56, 
1.6, 1.64, 1.68, 1.72, 1.76, 1.8, 1.84, 1.88, 1.92, 1.96, 2)
y1 <-
c(-1.05560415526428, -0.944899947451079, -1.82530440401967, -1.47042453124315, 
-1.01333148437785, -0.522461752934478, -1.2124508055847, -1.20298799405974, 
-1.14950151997459, -1.2683889881035, -1.59430899775312, -1.05660499384851, 
-1.02466213758828, -1.29619254807146, -0.909894342024925, -1.16579869238698, 
-1.05197386271413, -0.906174407089148, -1.48054269548406, -0.895336525189811, 
-0.654660610140849, -0.945147430050894, -1.16926086613812, -0.493174186280726, 
-0.847233466112119, -0.532558065748099, -1.12537536377172, -0.523397373603359, 
-0.176482739200196, -0.709705550293131, -0.0724113972572574, 
-0.553531977670832, 0.157383958513196, -0.391559910533279, 0.193695332295323, 
0.125042932969225, 0.180523217742343, -0.0337733198831928, 0.144329622240918, 
0.0643709616507592, -0.0705968175891119, 0.29790760146827, 0.441082179889405, 
0.442793508004633, 1.29533778306961, 0.422667677383414, 0.928979858073214, 
0.669924392845399, 0.693816608859987, 0.691463198269112, 1.19028231438243, 
0.621486047117994, 0.501409846482716, 0.427853009301008, 0.408058682207482, 
0.826198956551122, 0.198709037787976, 0.593196566350341, 0.798029618823073, 
0.370750834290222, 1.29971249036037, 0.721740624359831, 0.375632776457479, 
0.453811290186884, 0.472939051224459, 0.713832037285916, 0.244173566498173, 
0.655967051083702, 0.477751170351886, 0.281437606227364, 0.197632660522662, 
0.165541214484253, -0.726588450272698, -0.217784761438581, -0.0848842286767636, 
-0.253770870496564, 0.0579542543684769, -0.0640869410517208, 
0.0275269614751832, -0.511957537125091, -0.461003988441665, -0.609008269503344, 
-0.600449301087914, -0.928398655557695, -0.754642025428316, -1.00224016376062, 
-0.823302116466959, -0.313918717138146, -0.734486876639034, -0.165895855808214, 
-0.995164515155901, -1.36017072773284, -0.964036018594569, -1.09732769032765, 
-1.21735474563343, -1.19541674591972, -1.11453983704594, -1.23677283117822, 
-1.30219917469613, -0.990891160308613, -1.09243990160802)
N2 <-
161L
x2 <-
c(-3.2, -3.16, -3.12, -3.08, -3.04, -3, -2.96, -2.92, -2.88, 
-2.84, -2.8, -2.76, -2.72, -2.68, -2.64, -2.6, -2.56, -2.52, 
-2.48, -2.44, -2.4, -2.36, -2.32, -2.28, -2.24, -2.2, -2.16, 
-2.12, -2.08, -2.04, -2, -1.96, -1.92, -1.88, -1.84, -1.8, -1.76, 
-1.72, -1.68, -1.64, -1.6, -1.56, -1.52, -1.48, -1.44, -1.4, 
-1.36, -1.32, -1.28, -1.24, -1.2, -1.16, -1.12, -1.08, -1.04, 
-1, -0.96, -0.92, -0.88, -0.84, -0.8, -0.76, -0.72, -0.68, -0.64, 
-0.6, -0.56, -0.52, -0.48, -0.44, -0.4, -0.36, -0.32, -0.28, 
-0.24, -0.2, -0.16, -0.12, -0.08, -0.04, 0, 0.04, 0.08, 0.12, 
0.16, 0.2, 0.24, 0.28, 0.32, 0.36, 0.4, 0.44, 0.48, 0.52, 0.56, 
0.6, 0.64, 0.68, 0.72, 0.76, 0.8, 0.84, 0.88, 0.92, 0.96, 1, 
1.04, 1.08, 1.12, 1.16, 1.2, 1.24, 1.28, 1.32, 1.36, 1.4, 1.44, 
1.48, 1.52, 1.56, 1.6, 1.64, 1.68, 1.72, 1.76, 1.8, 1.84, 1.88, 
1.92, 1.96, 2, 2.04, 2.08, 2.12, 2.16, 2.2, 2.24, 2.28, 2.32, 
2.36, 2.4, 2.44, 2.48, 2.52, 2.56, 2.6, 2.64, 2.68, 2.72, 2.76, 
2.8, 2.84, 2.88, 2.92, 2.96, 3, 3.04, 3.08, 3.12, 3.16, 3.2)
